-0.212734 -0.372273 
-0.741050 0.152133 
-0.272403 -0.319483 
-0.090996 0.468348 
-0.353948 -0.114840 
-0.963306 -0.074849 
-0.610864 -0.057441 
-0.698051 0.206297 
-0.343057 -0.223837 
-0.530797 0.141616 
-0.176739 -0.498330 
-0.177731 0.051662 
-0.371127 -0.244070 
-0.747902 -0.371542 
-0.294665 0.349691 
-0.998944 -0.146916 
-0.025607 -0.004137 
-0.747543 -0.379257 
-0.553277 0.261508 
-0.462746 0.335782 
-0.562183 0.272613 
-0.583839 -0.372241 
-0.646398 0.440922 
-0.790107 0.400260 
-0.401235 -0.043272 
-0.182178 -0.468473 
-0.548208 0.375510 
-0.988976 -0.424689 
-0.442659 -0.305347 
-0.865461 -0.363512 
-0.366148 0.244217 
-0.969394 0.094066 
-0.292797 -0.122145 
-0.675273 -0.110899 
-0.715314 -0.278566 
-0.875405 -0.438158 
-0.997218 0.492793 
-0.206718 -0.013876 
-0.958076 -0.478693 
-0.102506 -0.315469 
-0.373125 0.445505 
-0.175679 -0.409689 
-0.152690 -0.473964 
-0.969410 0.026297 
-0.535105 -0.045448 
-0.437255 0.372281 
-0.054640 -0.158096 
-0.512835 0.265308 
-0.707998 0.106071 
-0.674113 0.097311 
-0.014463 -0.373209 
-0.374107 -0.083726 
-0.920621 0.164688 
-0.473513 0.475802 
-0.115813 0.032925 
-0.246304 -0.011476 
-0.674104 -0.265956 
-0.011758 -0.003841 
-0.397506 0.108612 
-0.850692 -0.451611 
-0.178586 0.360670 
-0.064816 0.458854 
-0.503300 0.002706 
-0.911217 -0.345379 
-0.252015 -0.325014 
-0.563856 0.430403 
-0.603161 0.315563 
-0.095786 -0.364381 
-0.474815 -0.336855 
-0.414468 0.336020 
-0.929759 -0.059776 
-0.393099 0.177198 
-0.694154 0.163498 
-0.798296 0.409685 
-0.773956 0.237587 
-0.893778 0.189651 
-0.471581 0.181409 
-0.675847 0.220395 
-0.283020 -0.110687 
-0.444540 -0.077138 
-0.567762 0.116187 
-0.709217 -0.006673 
-0.905327 0.272216 
-0.144170 0.298217 
-0.058086 0.493872 
-0.323497 0.444678 
-0.825300 -0.302114 
-0.150039 -0.073939 
-0.172870 0.299634 
-0.125593 0.348926 
-0.232329 0.361296 
-0.763920 -0.222554 
-0.455930 -0.496470 
-0.399224 -0.442735 
-0.767426 0.342149 
-0.265849 -0.021064 
-0.335263 -0.126632 
-0.894834 -0.314047 
-0.991365 -0.497299 
-0.464785 -0.300798 
-0.699579 -0.331566 
-0.633187 0.193345 
-0.218053 -0.374174 
-0.434818 -0.403836 
-0.574454 0.307827 
-0.941373 0.064339 
-0.556895 -0.362944 
-0.405668 -0.206568 
-0.491833 -0.392845 
-0.439995 -0.179005 
-0.507881 0.254371 
-0.276237 -0.145204 
-0.646649 -0.322666 
-0.200267 0.078076 
-0.953163 -0.090547 
-0.719956 -0.274493 
-0.434297 0.079256 
-0.789797 0.362266 
-0.888873 0.284193 
-0.350678 0.109109 
-0.462718 0.328060 
-0.425782 0.413804 
-0.740910 0.306171 
-0.917868 0.248566 
-0.632847 0.340763 
-0.954379 -0.310711 
-0.608478 -0.053128 
-0.999843 -0.419559 
-0.381163 -0.079001 
-0.874996 0.284411 
-0.279095 -0.333608 
-0.163800 0.230862 
-0.678102 -0.125375 
-0.128256 -0.004644 
-0.358846 -0.151626 
-0.061405 -0.177957 
-0.876085 -0.150072 
-0.866386 -0.262378 
-0.361614 0.068926 
-0.428665 -0.441899 
-0.000890 0.496193 
-0.924768 0.041023 
-0.101048 -0.456722 
-0.458854 0.058916 
-0.580155 0.034385 
-0.213424 -0.160404 
-0.229018 -0.406078 
-0.517236 -0.089209 
-0.602718 -0.166316 
-0.747168 0.275200 
-0.264295 0.483986 
-0.666336 0.402659 
-0.702584 0.087632 
-0.533174 -0.266483 
-0.955231 0.459593 
-0.970497 0.416585 
-0.161240 0.183646 
-0.034724 -0.168756 
-0.320156 0.344950 
-0.048502 -0.058687 
-0.822088 -0.140374 
-0.429878 -0.426810 
-0.209272 -0.466069 
-0.842977 0.177619 
-0.510727 -0.258564 
-0.383806 0.398057 
-0.731777 -0.278117 
-0.075350 -0.295800 
-0.054857 0.354986 
-0.553557 0.331634 
-0.391970 0.221428 
-0.355102 -0.327135 
-0.497533 0.206679 
-0.543984 -0.033827 
-0.278100 0.205985 
-0.412068 -0.498228 
-0.597530 0.025964 
-0.533602 0.484675 
-0.147685 -0.275208 
-0.420533 0.035465 
-0.210569 -0.236255 
-0.289117 0.448858 
-0.753081 -0.166847 
-0.883877 -0.359547 
-0.645154 0.440411 
-0.787368 -0.430460 
-0.251024 -0.318330 
-0.048514 0.205084 
-0.586765 0.437211 
-0.163453 0.178200 
-0.039912 -0.091789 
-0.315878 -0.487520 
-0.684161 0.324749 
-0.203767 -0.381547 
-0.868566 0.176362 
-0.621212 -0.044753 
-0.391544 -0.177667 
-0.102718 0.276205 
-0.560234 0.204118 
-0.247893 0.060751 
-0.160333 -0.018063 
-0.701862 0.467224 
-0.195571 0.126544 
-0.046064 -0.204316 
-0.574290 0.190517 
-0.930212 -0.099112 
-0.098360 -0.463807 
-0.524307 0.118668 
-0.521770 0.084442 
-0.664463 -0.061151 
-0.467710 0.044984 
-0.783118 -0.250324 
-0.998814 -0.030217 
-0.727900 0.367372 
-0.000494 -0.288667 
-0.758918 -0.375022 
-0.636863 -0.157794 
-0.246716 -0.097903 
-0.347773 0.176260 
-0.747379 0.006400 
-0.548824 -0.399765 
-0.082509 0.143974 
-0.748946 -0.147770 
-0.674775 -0.286381 
-0.587256 -0.454385 
-0.559701 0.205110 
-0.687395 0.008482 
-0.086151 0.448265 
-0.608397 -0.235466 
-0.206623 -0.276695 
-0.911356 0.096590 
-0.319024 -0.321438 
-0.835821 0.483467 
-0.729026 0.483992 
-0.663775 0.160009 
-0.831384 0.053266 
-0.917441 -0.006639 
-0.934769 0.368363 
-0.464906 -0.328646 
-0.152750 -0.186343 
-0.769625 0.235944 
-0.828417 -0.153595 
-0.291387 -0.358833 
-0.427011 0.172320 
-0.802171 -0.354112 
-0.594521 -0.266378 
-0.495547 0.341914 
-0.015824 0.127477 
-0.617896 0.342579 
-0.688315 0.430163 
-0.308708 0.490969 
-0.131300 -0.318386 
-0.780574 0.265249 
-0.752586 0.361134 
-0.272211 0.236333 
-0.966745 -0.066842 
-0.744995 0.345221 
-0.579467 -0.163175 
-0.439932 -0.211166 
-0.294192 0.009946 
-0.542876 0.309005 
-0.835901 0.051614 
-0.696031 0.044564 
-0.997483 0.313246 
-0.318383 0.206011 
-0.771524 0.440288 
-0.031688 0.041303 
-0.509646 0.041071 
-0.307015 0.254615 
-0.627726 0.110539 
-0.124564 -0.407331 
-0.623323 0.459541 
-0.351592 0.100343 
-0.966629 -0.429618 
-0.064762 -0.056239 
-0.642985 -0.108956 
-0.549107 0.079904 
-0.638738 0.469241 
-0.571005 -0.207965 
-0.347710 -0.112061 
-0.122189 -0.415160 
-0.608016 -0.428537 
-0.540813 -0.482844 
-0.733237 -0.439438 
-0.108917 0.118532 
-0.353126 -0.319000 
-0.278406 -0.036403 
-0.002091 -0.471725 
-0.964751 0.140317 
-0.063602 -0.263991 
-0.244094 -0.380287 
-0.770480 0.462312 
-0.670323 0.290463 
-0.349683 -0.207863 
-0.668899 -0.462946 
-0.960761 -0.310829 
-0.438829 0.089754 
-0.684578 0.113210 
-0.878168 -0.166341 
-0.348185 -0.176692 
-0.616791 -0.292566 
-0.297898 0.088111 
-0.667910 0.125088 
-0.230704 -0.102126 
-0.871919 -0.108739 
-0.739009 0.192564 
-0.577629 -0.273063 
-0.190562 -0.037756 
-0.261839 -0.346579 
-0.829056 -0.285392 
-0.403380 -0.027416 
-0.416440 -0.384896 
-0.277428 -0.193951 
-0.220418 0.462471 
-0.794820 0.489927 
-0.554899 0.441828 
-0.454508 -0.059887 
-0.282324 0.173638 
-0.279984 -0.219152 
-0.559865 -0.175102 
-0.647648 -0.058600 
-0.531392 -0.156175 
-0.561552 -0.052835 
-0.508912 0.096132 
-0.559830 -0.362625 
-0.325850 -0.305370 
-0.428348 -0.093177 
-0.855098 0.499450 
-0.621720 -0.331368 
-0.042166 -0.001390 
-0.125823 -0.055940 
-0.083085 -0.067064 
-0.814298 0.178721 
-0.452856 0.480521 
-0.529270 -0.062686 
-0.238322 -0.061043 
-0.528604 0.416071 
-0.524219 -0.486509 
-0.963534 0.108614 
-0.298012 -0.088934 
-0.056333 -0.158219 
-0.352731 -0.171146 
-0.012938 -0.361799 
-0.852631 -0.013537 
-0.805048 -0.162982 
-0.458872 -0.041588 
-0.165212 -0.011859 
-0.066745 -0.407255 
-0.831752 -0.396230 
-0.157122 0.127869 
-0.633146 0.278661 
-0.387870 0.117704 
-0.788559 0.352718 
-0.220876 -0.179816 
-0.197727 -0.439015 
-0.972135 -0.329070 
-0.874240 0.371957 
-0.561034 -0.272401 
-0.416517 0.330385 
-0.295484 0.405949 
-0.885366 0.070331 
-0.137010 0.311085 
-0.041009 0.123238 
-0.919179 0.371663 
-0.960817 -0.410868 
-0.818918 -0.314036 
-0.986721 -0.458203 
-0.878353 0.361843 
-0.113396 0.075897 
-0.419673 0.052449 
-0.699770 -0.449538 
-0.662357 -0.268592 
-0.142306 0.214077 
-0.615768 0.389860 
-0.263690 0.387275 
-0.255647 -0.351744 
-0.020235 0.102306 
-0.975476 -0.366740 
-0.090220 -0.065596 
-0.207983 -0.250603 
-0.348802 0.077035 
-0.813214 0.051259 
-0.537842 -0.108636 
-0.202660 -0.329878 
-0.976106 -0.427730 
-0.088840 0.043749 
-0.301787 -0.405284 
-0.091545 0.414977 
-0.370143 -0.389824 
-0.070614 0.078300 
-0.919294 -0.171996 
-0.865659 0.039283 
-0.841828 0.016286 
-0.980586 -0.016013 
-0.233835 0.465676 
-0.530051 -0.390051 
-0.211375 -0.046930 
-0.341151 0.321382 
-0.162088 0.294739 
-0.351726 -0.085664 
-0.011791 -0.134389 
-0.241531 0.047474 
-0.607384 -0.142099 
-0.449368 -0.114085 
-0.823225 0.433149 
-0.242924 0.194257 
-0.863402 -0.338058 
-0.193604 0.215473 
-0.831925 -0.379775 
-0.141080 -0.220260 
-0.351828 -0.404926 
-0.386572 0.116619 
-0.207564 0.421185 
-0.305043 -0.329871 
-0.037773 -0.102967 
-0.689536 -0.285672 
-0.392663 0.391803 
-0.810821 -0.388068 
-0.366654 -0.474345 
-0.267289 0.025294 
-0.897882 -0.438250 
-0.088722 0.152739 
-0.066318 0.263693 
-0.118114 -0.001182 
-0.696916 -0.178317 
-0.303118 -0.330586 
-0.658158 0.409605 
-0.058035 -0.412998 
-0.814753 0.378689 
-0.183375 0.222469 
-0.020947 0.396090 
-0.828119 0.312987 
-0.203040 0.373837 
-0.524706 0.455355 
-0.851171 0.180101 
-0.293568 0.305984 
-0.496306 0.255591 
-0.077705 0.257427 
-0.363586 -0.251907 
-0.203367 0.271854 
-0.742802 0.002834 
-0.045284 0.409327 
-0.075768 -0.419741 
-0.479223 0.367994 
-0.703690 -0.208750 
-0.905803 -0.070456 
-0.020392 0.417492 
-0.502551 0.451251 
-0.814352 0.196815 
-0.781106 0.340895 
-0.228996 0.174846 
-0.368262 -0.332348 
-0.401548 -0.469856 
-0.068239 -0.424328 
-0.830978 0.345216 
-0.574088 -0.147332 
-0.250191 0.395458 
-0.553581 -0.261784 
-0.611585 -0.262991 
-0.114216 -0.289217 
-0.113480 0.067895 
-0.728156 0.443668 
-0.372626 -0.110448 
-0.445958 0.243101 
-0.260139 -0.217053 
-0.522861 -0.048372 
-0.939674 0.009982 
-0.298227 0.391761 
-0.652517 -0.468258 
-0.182365 -0.186501 
-0.159506 -0.224633 
-0.790551 0.369890 
-0.849302 0.455945 
-0.496437 0.252244 
-0.731522 -0.156185 
-0.831393 -0.354144 
-0.226587 0.436010 
-0.107436 -0.006675 
-0.216899 0.418320 
-0.264509 0.050568 
-0.611047 -0.033446 
-0.112733 -0.234450 
-0.069234 -0.292915 
-0.732112 -0.023427 
-0.918983 -0.087424 
-0.680795 0.190603 
-0.030413 -0.375913 
-0.723573 0.137700 
-0.894964 0.240295 
-0.899700 0.279994 
-0.735474 -0.426381 
-0.778427 -0.142002 
-0.543835 0.316341 
-0.576815 0.258173 
-0.870199 -0.337423 
-0.312422 0.358729 
-0.349836 -0.130935 
-0.208407 -0.069420 
-0.725189 0.184214 
-0.035367 0.012144 
-0.876574 0.205697 
-0.837912 0.315354 
-0.490176 -0.282849 
-0.429521 0.030821 
-0.841612 -0.220883 
-0.021639 -0.242532 
-0.132323 -0.316650 
-0.257291 -0.438710 
-0.259407 -0.302006 
-0.620637 0.244040 
-0.202246 -0.291159 
-0.566962 -0.349293 
-0.746371 0.274019 
-0.637489 0.139559 
-0.411537 -0.369085 
-0.165235 0.055329 
-0.581779 0.200013 
-0.816772 0.059790 
-0.325510 0.495568 
-0.025308 0.359527 
-0.618294 0.452630 
-0.227948 0.103095 
-0.014932 0.388919 
-0.599253 0.374109 
-0.635847 -0.486568 
-0.549419 0.157927 
-0.010494 0.446364 
-0.503439 0.282674 
-0.232630 0.002064 
-0.272506 -0.494751 
-0.403761 -0.116783 
-0.545759 -0.495222 
-0.846945 0.315295 
-0.544101 0.434624 
-0.438361 0.390584 
-0.563393 -0.255363 
-0.003666 0.365662 
-0.866740 0.092722 
-0.435152 -0.259777 
-0.039877 0.194129 
-0.379056 0.013480 
-0.374849 0.283006 
-0.395133 -0.057868 
-0.970212 0.358846 
-0.777697 0.285958 
-0.905910 0.435335 
-0.123826 -0.201368 
-0.942778 0.475940 
-0.615278 -0.022829 
-0.585299 0.464239 
-0.220909 0.198675 
-0.906784 -0.007484 
-0.000993 -0.277350 
-0.143551 -0.265379 
-0.778816 -0.003859 
-0.594026 0.073322 
-0.013296 0.142322 
-0.684787 -0.146377 
-0.134086 -0.184135 
-0.063686 -0.393511 
-0.262768 0.145567 
-0.125071 -0.492578 
-0.515185 -0.368840 
-0.338926 -0.323940 
-0.335845 -0.007871 
-0.019438 0.061690 
-0.930572 0.456555 
-0.604032 -0.029922 
-0.213150 0.202640 
-0.996339 0.144482 
-0.140743 -0.000461 
-0.930859 0.092957 
-0.256187 -0.087501 
-0.518265 -0.069707 
-0.058011 -0.384981 
-0.003313 0.250913 
-0.856148 -0.237132 
-0.187284 0.344038 
-0.417771 0.406281 
-0.808636 0.279180 
-0.338572 -0.077483 
-0.314259 -0.096296 
-0.064999 -0.183829 
-0.764240 0.479782 
-0.217621 0.334289 
-0.970484 0.420420 
-0.699735 -0.447734 
-0.248832 0.238599 
-0.393710 -0.220085 
-0.240486 0.274705 
-0.425301 0.189783 
-0.006591 -0.109524 
-0.388249 -0.143054 
-0.894763 0.487635 
-0.943005 0.295964 
-0.393138 -0.198863 
-0.209242 0.461541 
-0.201178 0.305681 
-0.737074 0.419704 
-0.932054 0.134635 
-0.941500 -0.129139 
-0.093786 -0.482030 
-0.093578 -0.209843 
-0.150697 0.275109 
-0.655205 0.018830 
-0.417828 0.224718 
-0.297083 0.068079 
-0.164067 0.371585 
-0.726596 0.058997 
-0.469648 0.275583 
-0.848791 -0.006343 
-0.975457 -0.025432 
-0.164501 -0.191732 
-0.550282 0.096692 
-0.049917 0.274569 
-0.962667 0.233189 
-0.036489 0.165233 
-0.751470 0.125092 
-0.794044 -0.441972 
-0.518505 -0.378353 
-0.588370 0.096865 
-0.692836 -0.430635 
-0.912216 -0.169434 
-0.314332 -0.336311 
-0.150821 0.287326 
-0.428996 -0.284824 
-0.914517 0.089298 
-0.155417 -0.376096 
-0.426853 0.042623 
-0.245328 0.494480 
-0.471881 -0.371583 
-0.896822 -0.365453 
-0.253900 -0.455113 
-0.561180 -0.462836 
-0.481889 -0.215317 
-0.388600 0.226668 
-0.434264 0.050001 
-0.659232 0.423850 
-0.062298 0.485637 
-0.919026 -0.265710 
-0.727666 0.122345 
-0.459788 0.358630 
-0.316057 0.444305 
-0.124637 -0.459624 
-0.599659 -0.499609 
-0.058748 -0.019541 
-0.211554 0.344133 
-0.835806 -0.366646 
-0.819656 -0.313083 
-0.247985 -0.468013 
-0.421853 -0.142091 
-0.826627 0.442925 
-0.502305 -0.142422 
-0.736905 0.104549 
-0.466657 -0.155582 
-0.937836 0.423931 
-0.685981 0.181578 
-0.293930 0.178082 
-0.000766 -0.433417 
-0.541534 0.357010 
-0.042144 0.148216 
-0.526644 0.174716 
-0.592757 0.274835 
-0.816453 -0.165195 
-0.809288 -0.006973 
-0.519372 0.244786 
-0.837659 -0.000524 
-0.802526 -0.097532 
-0.545269 -0.182707 
-0.046919 0.004008 
-0.147359 -0.104230 
-0.703495 0.321205 
-0.791729 0.494658 
-0.583244 0.440591 
-0.062487 -0.014481 
-0.406322 0.423627 
-0.244387 -0.041398 
-0.823790 -0.288989 
-0.429547 -0.361124 
-0.686146 0.029641 
-0.522935 -0.035472 
-0.940253 0.043205 
-0.287017 -0.359859 
-0.065534 0.391643 
-0.134293 -0.079794 
-0.286510 0.465948 
-0.804200 0.181289 
-0.796782 -0.362247 
-0.722979 -0.121674 
-0.774477 -0.416860 
-0.116546 -0.373012 
-0.936011 -0.318151 
-0.202332 0.284912 
-0.638631 0.111772 
-0.401214 0.394845 
-0.977812 0.069150 
-0.860347 -0.422658 
-0.807960 0.402311 
-0.036620 -0.205357 
-0.019184 -0.273906 
-0.033873 0.225734 
-0.604085 -0.339741 
-0.189716 0.170304 
-0.921524 0.083259 
-0.444910 0.311434 
-0.984300 0.087630 
-0.674753 0.188345 
-0.439409 -0.459909 
-0.792777 0.236368 
-0.048286 -0.336898 
-0.427285 -0.383437 
-0.784927 -0.259834 
-0.695884 -0.343000 
-0.027248 -0.220406 
-0.437145 0.436707 
-0.596309 -0.374240 
-0.576864 0.236655 
-0.474221 0.458006 
-0.484172 -0.365120 
-0.779596 -0.259542 
-0.584811 0.309943 
-0.874301 0.355887 
-0.520403 -0.486567 
-0.192120 -0.251432 
-0.148383 0.053053 
-0.393545 0.289777 
-0.042517 -0.131913 
-0.636514 -0.359929 
-0.253515 0.253643 
-0.985294 0.489965 
-0.298255 -0.125959 
-0.134034 -0.410122 
-0.039481 0.274104 
-0.572671 0.306422 
-0.670570 0.024815 
-0.945918 -0.059871 
-0.807080 0.301923 
-0.525994 -0.415343 
-0.083274 -0.032423 
-0.311544 0.274290 
-0.032670 0.480906 
-0.153869 0.430241 
-0.771906 -0.421293 
-0.372141 0.051793 
-0.481816 0.017020 
-0.426696 -0.419244 
-0.263595 0.123339 
-0.248786 -0.228017 
-0.016298 -0.147422 
-0.651356 0.103916 
-0.909647 -0.157358 
-0.743457 0.136100 
-0.188226 0.002552 
-0.315813 -0.359390 
-0.814631 -0.187411 
-0.631881 0.176064 
-0.215016 0.146730 
-0.822392 -0.088388 
-0.505680 0.417949 
-0.016924 -0.181191 
-0.428975 -0.428510 
-0.328474 -0.293279 
-0.185795 0.285277 
-0.711285 -0.145094 
-0.795248 0.054932 
-0.413371 0.075066 
-0.914873 0.018629 
-0.118228 -0.219756 
-0.591864 -0.210879 
-0.790115 -0.064664 
-0.562220 -0.418239 
-0.579125 0.479495 
-0.845658 -0.066816 
-0.780919 -0.175319 
-0.874300 -0.329428 
-0.656527 0.220139 
-0.617790 -0.108978 
-0.775071 0.005038 
-0.501472 -0.080481 
-0.321549 -0.074226 
-0.732623 -0.092619 
-0.387983 -0.354378 
-0.327453 0.285777 
-0.514293 0.197481 
-0.043721 0.076027 
-0.540176 0.300347 
-0.945275 0.454874 
-0.046067 0.051984 
-0.830696 0.353786 
-0.174928 0.398909 
-0.623465 -0.388430 
-0.312158 -0.154647 
-0.420665 -0.325806 
-0.833350 -0.029695 
-0.606224 0.419710 
-0.783894 0.351011 
-0.628077 -0.245502 
-0.805629 0.317508 
-0.091327 -0.445178 
-0.748758 0.460780 
-0.106634 -0.310223 
-0.077197 -0.137923 
-0.729511 -0.366809 
-0.267297 0.477728 
-0.207084 -0.072083 
-0.788567 -0.122571 
-0.989106 -0.118829 
-0.815575 0.469568 
-0.434617 -0.280807 
-0.427597 0.329542 
-0.229636 0.388481 
-0.581933 -0.348660 
-0.099620 -0.365783 
-0.472920 -0.456182 
-0.828166 0.289235 
-0.886780 0.266154 
-0.255546 0.243989 
-0.707301 -0.083116 
-0.202130 -0.285540 
-0.694199 -0.067277 
-0.517640 -0.444187 
-0.919659 0.392048 
-0.072387 -0.140162 
-0.684081 -0.071555 
-0.856269 0.298815 
-0.214521 -0.082810 
-0.810274 0.012446 
-0.853573 0.376777 
-0.958623 -0.347170 
-0.647638 -0.396182 
-0.212381 -0.119779 
-0.116561 -0.192335 
-0.252513 -0.485611 
-0.406530 -0.193956 
-0.546817 0.067912 
-0.869956 0.059761 
-0.186039 -0.106428 
-0.254695 -0.161758 
-0.214711 0.043268 
-0.995526 -0.006805 
-0.856857 -0.464533 
-0.458250 -0.449885 
-0.870693 0.437206 
-0.266020 -0.018360 
-0.584816 0.359990 
-0.913737 0.477946 
-0.346112 0.021719 
-0.624348 -0.347579 
-0.521698 -0.186187 
-0.695850 -0.209242 
-0.218741 0.209265 
-0.304548 -0.156571 
-0.891815 -0.271848 
-0.743840 -0.249840 
-0.372710 0.417392 
-0.263307 0.245574 
-0.957223 -0.223835 
-0.905336 -0.097398 
-0.392427 0.142343 
-0.890778 -0.300461 
-0.301290 0.123709 
-0.056341 -0.277187 
-0.134237 0.085402 
-0.469438 -0.384423 
-0.524375 0.367205 
-0.516149 -0.072852 
-0.319558 0.175720 
-0.349750 0.485114 
-0.945364 0.352367 
-0.475931 0.175624 
-0.493254 -0.166623 
-0.311370 -0.047114 
-0.402821 -0.032469 
-0.659753 0.381359 
-0.191000 0.316426 
-0.078646 0.418383 
-0.749493 -0.494644 
-0.936750 0.346200 
-0.659367 0.495678 
-0.459173 -0.364664 
-0.133925 -0.313379 
-0.103236 -0.058742 
-0.972404 -0.099039 
-0.074136 0.277998 
-0.662938 -0.060106 
-0.553478 -0.448874 
-0.888447 0.382621 
-0.149203 -0.057019 
-0.538713 0.030802 
-0.057896 0.000516 
-0.290916 0.232008 
-0.334720 -0.444621 
-0.264233 -0.365338 
-0.367432 -0.317939 
-0.556847 0.104691 
-0.023943 -0.352055 
-0.010841 -0.053777 
-0.862842 0.104052 
-0.696903 -0.409842 
-0.138075 0.482060 
-0.741651 -0.079732 
-0.967659 -0.423168 
-0.610625 -0.228239 
-0.846846 0.479256 
-0.184570 0.236820 
-0.543582 0.256623 
-0.300666 -0.379375 
-0.193394 -0.067971 
-0.248678 -0.415283 
-0.987029 0.265523 
-0.389757 -0.432685 
-0.092184 0.462700 
-0.977725 0.357286 
-0.245620 0.106419 
-0.784162 0.094966 
-0.668734 0.199076 
-0.634476 0.353882 
-0.473328 0.091577 
-0.827361 -0.302336 
-0.409884 0.135656 
-0.009673 -0.418961 
-0.543050 0.003655 
-0.787723 0.047799 
-0.093357 -0.350867 
-0.549355 -0.253030 
-0.135354 -0.292118 
-0.023912 -0.283837 
-0.965378 -0.363055 
-0.394287 -0.456809 
-0.622146 -0.065833 
-0.671773 0.288523 
-0.135077 0.247620 
-0.925243 0.306992 
-0.464008 -0.052129 
-0.196461 0.222434 
-0.654446 -0.328329 
-0.907913 0.158520 
-0.339960 0.328006 
-0.653547 0.288035 
-0.252598 -0.038213 
-0.831152 0.206229 
-0.728392 -0.428391 
-0.002859 -0.063420 
-0.193057 0.351067 
-0.532346 -0.085568 
-0.157915 -0.256971 
-0.318811 0.440451 
-0.222864 0.038060 
-0.703645 0.226708 
-0.846896 -0.113107 
-0.240967 0.148409 
-0.082214 -0.092661 
-0.372790 -0.461065 
-0.950397 0.423494 
-0.508581 -0.300177 
-0.543399 0.154384 
-0.952312 0.115662 
-0.133300 0.245344 
-0.922882 -0.458354 
-0.447797 0.283505 
-0.950833 0.043608 
-0.688348 -0.266344 
-0.580837 -0.408142 
-0.709653 0.447564 
-0.940232 0.316005 
-0.917860 0.413497 
-0.724152 0.393160 
-0.755410 -0.401755 
-0.872413 0.141565 
-0.997863 0.466358 
-0.047251 -0.399362 
-0.367342 0.415614 
-0.339442 0.071796 
-0.043407 -0.181099 
-0.807998 0.147175 
-0.400222 0.485740 
-0.870786 0.040430 
-0.593784 0.026625 
-0.584896 -0.069664 
-0.339797 -0.304904 
-0.861413 -0.091287 
-0.236438 -0.328794 
-0.024528 0.364494 
-0.171809 0.310520 
-0.224500 -0.389699 
-0.588287 0.490258 
-0.422971 -0.358062 
-0.530304 -0.286534 
-0.362507 0.489518 
-0.353213 -0.041736 
-0.484959 0.046715 
-0.594002 0.257303 
-0.550354 -0.073280 
-0.674485 -0.462569 
-0.104517 0.164960 
-0.699449 0.216416 
-0.324458 -0.155475 
-0.500844 0.317217 
-0.510836 0.335452 
-0.139728 0.295843 
-0.971378 0.188642 
-0.185016 0.261278 
-0.623136 0.184166 
-0.117460 -0.329778 
-0.709830 -0.022928 
-0.033392 -0.219408 
-0.958251 -0.413450 
-0.320854 0.020771 
-0.659794 0.011406 
-0.025637 -0.148506 
-0.934712 -0.098710 
-0.091555 -0.460919 
-0.192495 -0.156010 
-0.422961 0.397397 
-0.917057 -0.180691 
-0.653034 0.366440 
-0.754987 0.094698 
-0.483820 0.152922 
-0.844127 -0.328249 
-0.368281 0.437463 
-0.763095 -0.288935 
-0.005788 -0.270788 
-0.785094 -0.459303 
-0.495545 0.196768 
-0.656473 0.265527 
-0.912345 0.099154 
-0.266980 0.016372 
-0.410861 0.157446 
-0.709513 -0.116482 
-0.603343 0.221285 
-0.717402 -0.055426 
-0.766139 -0.229918 
-0.691871 -0.103813 
-0.287892 0.021117 
-0.866308 0.008103 
-0.551536 -0.428933 
-0.972344 -0.188538 
-0.018417 0.448626 
-0.450444 0.485908 
-0.530884 0.078963 
-0.159867 -0.302769 
-0.644637 -0.169327 
-0.064303 0.033734 
-0.018909 0.407661 
-0.875359 -0.429621 
-0.406219 0.237095 
-0.501319 -0.170008 
-0.469004 0.065088 
-0.748187 -0.114564 
-0.382846 0.079210 
-0.429030 -0.069381 
-0.840290 -0.093791 
-0.230980 -0.283415 
-0.520467 -0.340495 
-0.741988 0.176668 
-0.212729 -0.290925 
-0.326562 -0.273225 
-0.452464 -0.108763 
-0.436148 0.498390 
-0.619037 0.342676 
-0.820740 -0.482299 
-0.834487 -0.093291 
-0.348489 -0.040460 
-0.562135 -0.004675 
-0.114700 0.454384 
-0.411717 -0.227027 
-0.605626 0.385679 
-0.186904 0.432360 
-0.250763 -0.441881 
-0.537299 0.033695 
-0.125152 -0.079802 
-0.574987 -0.248131 
-0.225253 -0.438472 
-0.360697 0.295950 
-0.013465 0.351837 
-0.131381 -0.392767 
-0.182222 -0.280528 
-0.404718 -0.419317 
-0.203827 -0.442568 
-0.531585 0.365206 
-0.581786 0.469576 
-0.749963 -0.344403 
-0.178414 -0.096351 
-0.198039 0.168288 
-0.936816 -0.463894 
-0.545444 0.069213 
-0.118093 -0.048547 
-0.774608 0.370154 
-0.211745 -0.429036 
-0.064130 0.104841 
-0.323690 0.307058 
-0.567873 0.312876 
-0.477231 -0.074459 
-0.022156 0.373243 
-0.252484 -0.036886 
-0.423955 -0.085310 
-0.914428 -0.352831 
-0.380464 0.262697 
-0.013696 -0.026121 
-0.009649 0.037059 
-0.762617 0.293948 
-0.347607 -0.034755 
-0.666704 -0.191877 
-0.966592 0.099791 
-0.303951 -0.338329 
-0.802478 0.297861 
-0.165742 0.223519 
-0.907242 -0.087056 
-0.479051 0.016613 
-0.855715 0.037290 
-0.294845 0.006267 
-0.721392 0.194283 
-0.227219 -0.072072 
-0.768522 -0.012692 
-0.436760 0.419701 
-0.161987 -0.258966 
-0.145007 0.293407 
-0.947662 0.497152 
-0.519610 -0.294370 
-0.178984 -0.275318 
-0.556894 -0.347658 
-0.235379 -0.350119 
-0.985026 0.482172 
-0.970015 0.077570 
-0.591827 0.379254 
-0.212982 -0.160606 
-0.121528 0.381808 
-0.216590 0.440039 
-0.359363 -0.147772 
-0.736859 -0.045112 
-0.606877 -0.226567 
-0.474603 -0.363127 
-0.819185 0.189603 
-0.425659 -0.108533 
-0.603173 -0.087867 
-0.187876 0.151782 
-0.437708 -0.351218 
-0.317393 -0.394306 
-0.248430 0.360451 
-0.293514 -0.431312 
-0.225562 0.280891 
-0.415216 0.434799 
-0.888386 0.024887 
-0.887791 0.448559 
-0.249672 -0.064947 
-0.340622 -0.101684 
-0.892302 -0.348621 
-0.921343 -0.389469 
-0.213709 0.206017 
-0.812815 -0.299107 
-0.396489 0.123524 
-0.392409 0.286087 
-0.200633 0.418906 
-0.172999 0.155016 
-0.819326 0.407276 
-0.006860 0.115028 
-0.171119 0.244808 
-0.672346 -0.257582 
-0.491508 0.485888 
-0.773780 0.451990 
-0.311568 0.040996 
-0.742377 0.032895 
-0.245275 0.128826 
-0.505351 -0.047739 
-0.825496 -0.490511 
-0.966523 -0.320695 
-0.306387 -0.161570 
-0.689768 -0.094355 
-0.262022 -0.232265 
-0.971603 -0.292515 
-0.332573 -0.181948 
-0.705968 0.287115 
-0.975221 0.425150 
-0.957975 -0.180161 
-0.942214 0.305429 
-0.848895 -0.006975 
-0.808081 -0.240739 
-0.087113 -0.068653 
-0.577021 0.115043 
-0.134067 0.231613 
-0.594824 -0.414783 
-0.445345 -0.343248 
-0.042432 -0.266789 
-0.350187 -0.463454 
-0.575335 -0.087596 
-0.802527 -0.032340 
-0.569511 -0.190334 
-0.328553 0.372271 
-0.315450 -0.018080 
-0.884378 -0.261680 
-0.742063 0.389365 
-0.898016 -0.200093 
-0.226852 -0.221341 
-0.377241 0.398818 
-0.132748 -0.271712 
-0.494227 0.172433 
-0.280330 -0.388240 
-0.384018 0.414453 
-0.991922 0.036964 
-0.891945 0.327932 
-0.006142 -0.142847 
-0.550020 -0.189978 
-0.832966 -0.004508 
-0.029126 0.249618 
-0.375247 0.455981 
-0.577500 0.457791 
-0.257843 0.383783 
-0.391571 -0.338579 
-0.655131 0.262613 
-0.347594 0.347875 
-0.866649 -0.329200 
-0.926867 -0.472136 
-0.834008 -0.163965 
-0.368447 -0.440201 
-0.594891 -0.093482 
-0.956369 -0.073012 
-0.707123 -0.231665 
-0.768250 0.153975 
-0.322249 -0.239614 
-0.053993 0.265072 
-0.218912 0.144055 
-0.551959 -0.298144 
-0.096582 0.050005 
-0.360536 0.301905 
-0.154776 0.224153 
-0.340427 -0.326493 
-0.816903 -0.396197 
-0.302315 -0.044653 
-0.776215 -0.051680 
-0.310712 0.401353 
-0.719104 -0.198562 
-0.182834 0.353947 
-0.493066 0.349409 
-0.556308 -0.161158 
-0.508154 -0.364309 
-0.616259 0.106346 
-0.166605 0.473725 
-0.586046 -0.167213 
-0.480537 -0.360413 
-0.271434 0.256238 
-0.137257 -0.099080 
-0.180416 0.128125 
-0.480670 -0.477494 
-0.895202 -0.108381 
-0.570665 0.457250 
-0.324063 -0.176149 
-0.035065 -0.140979 
-0.083760 -0.122911 
-0.215870 0.215946 
-0.433205 0.498872 
-0.507961 -0.325768 
-0.770824 -0.322049 
-0.169346 0.378431 
-0.596721 -0.273468 
-0.622203 0.269321 
-0.901333 -0.255151 
-0.738651 0.130163 
-0.049659 0.196562 
-0.189098 0.131102 
-0.259450 0.427712 
-0.999432 0.064823 
-0.597924 0.163200 
-0.391009 0.269301 
-0.919614 -0.112258 
-0.139541 0.270625 
-0.212877 0.438232 
-0.460433 -0.174681 
-0.289388 -0.023805 
-0.184013 -0.327526 
-0.514618 -0.352293 
-0.099308 0.296230 
-0.212849 -0.451285 
-0.194645 -0.276259 
-0.362677 -0.028928 
-0.482316 0.217770 
-0.103281 0.183960 
-0.537949 0.041393 
-0.272887 0.081478 
-0.187907 -0.349954 
-0.573911 -0.224721 
-0.315198 0.078236 
-0.879180 -0.493986 
-0.900817 0.309747 
-0.535444 -0.035819 
-0.548344 0.426015 
-0.159043 0.124604 
-0.229816 -0.307424 
-0.229145 -0.115644 
-0.215536 -0.156876 
-0.641411 0.026331 
-0.484440 0.029669 
-0.164214 0.184988 
-0.730009 -0.399326 
-0.315721 0.441936 
-0.754464 0.421756 
-0.428212 -0.197880 
-0.956066 0.240676 
-0.460891 -0.028771 
-0.135846 -0.005204 
-0.339285 0.446811 
-0.355936 0.340071 
-0.112973 -0.175817 
-0.446922 0.420851 
-0.908931 0.278842 
-0.361231 0.374388 
-0.390227 0.294439 
-0.278569 -0.352052 
-0.084063 -0.265278 
-0.562764 0.274741 
-0.394363 0.183997 
-0.722118 0.182669 
-0.237125 -0.021267 
-0.812481 -0.228048 
-0.906710 0.397813 
-0.618737 -0.230772 
-0.873000 -0.054218 
-0.831247 0.121523 
-0.598057 0.427078 
-0.674058 -0.191216 
-0.021464 0.444789 
-0.416244 0.303222 
-0.970909 -0.060084 
-0.281787 0.362736 
-0.283942 0.291383 
-0.841726 0.289028 
-0.752923 0.198256 
-0.400044 0.083754 
-0.003306 -0.061367 
-0.546889 0.473183 
-0.960260 -0.480379 
-0.324190 -0.081709 
-0.525473 -0.425410 
-0.704593 -0.141892 
-0.349617 -0.497406 
-0.699891 -0.075662 
-0.021546 0.155360 
-0.764700 0.089921 
-0.477666 0.234703 
-0.620162 0.048149 
-0.839258 0.342489 
-0.565765 -0.062675 
-0.086683 0.201478 
-0.150149 0.203716 
-0.852456 -0.186619 
-0.108843 0.307593 
-0.035085 0.115431 
-0.123390 0.498718 
-0.777387 -0.086474 
-0.587149 0.393422 
-0.491644 0.383709 
-0.553319 -0.049291 
-0.924528 0.119265 
-0.765333 0.044393 
-0.612127 0.433164 
-0.503746 -0.462715 
-0.354717 0.279855 
-0.302112 -0.043213 
-0.417097 -0.388399 
-0.762075 -0.076005 
-0.908323 0.107585 
-0.110007 -0.224480 
-0.089648 -0.116057 
-0.159008 -0.286274 
-0.076221 -0.115321 
-0.345950 -0.298076 
-0.411805 0.042072 
-0.878479 -0.438671 
-0.181308 -0.144240 
-0.126488 -0.298849 
-0.558343 -0.352914 
-0.601577 -0.002771 
-0.839323 0.274595 
-0.561356 -0.097076 
-0.966791 0.422737 
-0.828200 0.303764 
-0.167705 -0.426100 
-0.199155 0.289407 
-0.502339 0.318780 
-0.220197 0.288014 
-0.711252 -0.373065 
-0.478890 0.263930 
-0.636435 -0.036996 
-0.309738 0.294864 
-0.553330 -0.430352 
-0.281116 0.194322 
-0.857789 -0.279324 
-0.416674 0.304048 
-0.581375 0.152115 
-0.172446 -0.475393 
-0.034562 0.080166 
-0.118634 0.454930 
-0.375442 0.088027 
-0.437169 -0.451190 
-0.946467 -0.416516 
-0.117596 -0.157232 
-0.688552 0.370975 
-0.489723 0.440614 
-0.705543 0.020498 
-0.846699 -0.069786 
-0.987584 0.026281 
-0.761780 -0.367362 
-0.284359 0.105565 
-0.661046 0.417796 
-0.023469 0.267123 
-0.657691 0.139067 
-0.870380 0.355344 
-0.956224 -0.082862 
-0.899425 -0.476283 
-0.672042 -0.084608 
-0.265261 0.386522 
-0.058327 0.270659 
-0.605991 0.314280 
-0.263062 -0.150988 
-0.047809 0.352218 
-0.229202 -0.138486 
-0.491608 0.426554 
-0.575651 0.474444 
-0.719370 -0.264198 
-0.630680 -0.242491 
-0.637499 0.378621 
-0.607758 0.006893 
-0.550387 0.220895 
-0.591548 0.032762 
-0.605590 -0.372236 
-0.913873 -0.212074 
-0.346877 -0.143719 
-0.020998 0.110840 
-0.528236 0.496125 
-0.439380 -0.262982 
-0.855587 0.234502 
-0.312317 0.473131 
-0.008488 0.281913 
-0.579511 -0.097307 
-0.026562 -0.097137 
-0.580551 -0.423792 
-0.799654 -0.475091 
-0.056675 -0.292967 
-0.851895 -0.274383 
-0.577921 0.321915 
-0.732920 -0.104989 
-0.709875 -0.022705 
-0.999388 0.416070 
-0.130701 -0.076051 
-0.861752 -0.327418 
-0.790007 0.358386 
-0.959899 -0.042642 
-0.441350 -0.485329 
-0.291854 0.289348 
-0.854751 0.199946 
-0.927095 0.130641 
-0.099619 0.335899 
-0.665422 -0.101417 
-0.856827 -0.488203 
-0.128389 -0.130521 
-0.146391 -0.142559 
-0.768445 0.443347 
-0.519367 0.081491 
-0.825792 -0.340880 
-0.034011 -0.332890 
-0.229797 0.191523 
-0.592137 0.347728 
-0.705443 -0.300534 
-0.826844 0.475970 
-0.780885 0.206398 
-0.082369 0.123376 
-0.874553 0.050455 
-0.485827 0.082572 
-0.044587 -0.278464 
-0.053961 -0.238148 
-0.184527 0.478624 
-0.580742 -0.360079 
-0.322242 -0.111292 
-0.088779 -0.139385 
-0.099007 0.223585 
-0.273988 0.068929 
-0.347430 -0.132386 
-0.003818 0.095518 
-0.825586 0.403178 
-0.919572 -0.037900 
-0.475306 -0.273854 
-0.917974 0.279763 
-0.929939 0.276042 
-0.121101 -0.178799 
-0.276229 0.119958 
-0.262182 0.241225 
-0.151137 0.080364 
-0.592491 -0.027332 
-0.002434 0.220079 
-0.826649 -0.388121 
-0.636874 -0.332461 
-0.665177 0.004498 
-0.896504 -0.142682 
-0.438960 0.123087 
-0.317367 -0.350481 
-0.785545 0.068367 
-0.810391 0.352224 
-0.366787 -0.499502 
-0.636680 0.278565 
-0.846353 -0.109255 
-0.103727 -0.000663 
-0.038955 -0.447697 
-0.360221 -0.221816 
-0.695889 -0.163268 
-0.290193 -0.325512 
-0.178626 -0.455399 
-0.677155 0.343980 
-0.668608 -0.129607 
-0.400672 -0.466104 
-0.942334 0.457626 
-0.316499 -0.466814 
-0.481006 -0.244686 
-0.531957 0.273811 
-0.158633 0.216580 
-0.895625 0.261606 
-0.336481 0.339147 
-0.549755 -0.080544 
-0.260103 0.490831 
-0.219950 0.126741 
-0.582923 0.265895 
-0.414736 -0.387987 
-0.002467 0.155211 
-0.752535 0.275825 
-0.766793 -0.040325 
-0.100380 0.362405 
-0.564568 0.007185 
-0.972365 -0.462456 
-0.427434 0.223713 
-0.571370 0.240633 
-0.122951 -0.166381 
-0.840044 0.036169 
-0.475364 0.298334 
-0.791283 -0.030603 
-0.494810 0.420915 
-0.089669 0.006864 
-0.498313 -0.278325 
-0.228327 0.390777 
-0.943039 -0.397751 
-0.565619 0.030916 
-0.838731 -0.163113 
-0.827874 -0.225300 
-0.737150 -0.064325 
-0.323020 0.409636 
-0.786541 0.289576 
-0.920545 0.437961 
-0.563787 0.106833 
-0.710629 -0.104318 
-0.730868 0.359219 
-0.034581 -0.357463 
-0.380618 -0.349981 
-0.154895 -0.499445 
-0.614514 0.468323 
-0.081278 0.241951 
-0.807319 0.081362 
-0.863936 -0.402985 
-0.534904 -0.286940 
-0.882196 0.044431 
-0.647426 0.037865 
-0.170192 0.035172 
-0.835274 -0.240854 
-0.506939 0.361614 
-0.634798 -0.483950 
-0.730494 0.490992 
-0.529842 -0.053302 
-0.390214 -0.288450 
-0.998431 -0.196033 
-0.302316 -0.234015 
-0.406715 -0.052175 
-0.696946 0.144754 
-0.939392 0.200308 
-0.314936 0.256806 
-0.652278 -0.179294 
-0.904184 0.162048 
-0.613605 0.114383 
-0.954279 0.313535 
-0.340814 -0.196099 
-0.068561 -0.307041 
-0.714247 -0.359292 
-0.980175 -0.294631 
-0.633119 -0.305349 
-0.748044 0.103408 
-0.247508 0.201943 
-0.994792 -0.087502 
-0.027840 0.154902 
-0.046737 -0.298552 
-0.595453 0.353954 
-0.380991 0.462896 
-0.509304 -0.211177 
-0.751473 -0.290207 
-0.459752 0.346718 
-0.629354 0.032781 
-0.935578 0.335555 
-0.028962 0.173908 
-0.780012 -0.465148 
-0.272630 -0.470494 
-0.510518 -0.179056 
-0.652230 -0.225620 
-0.220471 0.231489 
-0.146354 -0.124387 
-0.683547 0.012009 
-0.225103 0.012345 
-0.318807 0.099276 
-0.194394 -0.287188 
-0.320917 0.017893 
-0.373497 -0.263290 
-0.890793 -0.327783 
-0.538159 -0.255362 
-0.492216 0.381053 
-0.372245 0.481921 
-0.784574 0.102139 
-0.028238 -0.063483 
-0.715842 -0.497575 
-0.176227 -0.414970 
-0.578301 -0.276492 
-0.997207 0.292015 
-0.007227 -0.255666 
-0.324542 -0.449196 
-0.314867 -0.469640 
-0.432361 0.424005 
-0.573538 0.054884 
-0.686484 -0.366363 
-0.867512 0.159087 
-0.287108 -0.360495 
-0.498611 0.457577 
-0.518055 0.105005 
-0.030029 0.470834 
-0.149801 -0.243062 
-0.261876 0.249928 
-0.797788 0.175221 
-0.925337 0.327261 
-0.988727 0.374567 
-0.435008 0.254802 
-0.310600 0.038229 
-0.826157 -0.346599 
-0.192029 -0.191154 
-0.400070 -0.031755 
-0.448460 0.008209 
-0.981554 0.381393 
-0.621288 0.421452 
-0.432884 -0.052456 
-0.196588 0.216713 
-0.543078 0.368813 
-0.897542 -0.446274 
-0.995393 0.283272 
-0.273963 -0.160889 
-0.184277 -0.114632 
-0.638461 -0.212701 
-0.580751 0.499071 
-0.896870 0.319073 
-0.507310 -0.238296 
-0.865457 -0.250370 
-0.954901 -0.277087 
-0.134248 -0.440141 
-0.830423 -0.205938 
-0.299459 0.183223 
-0.138387 0.473603 
-0.323583 -0.448854 
-0.450034 0.498559 
-0.764107 0.497261 
-0.972148 -0.093741 
-0.516098 0.400156 
-0.971180 -0.191189 
-0.415129 -0.479585 
-0.611051 -0.139468 
-0.419991 0.235834 
-0.800066 -0.189318 
-0.014628 -0.326429 
-0.788905 -0.444693 
-0.810469 -0.045184 
-0.392481 0.107879 
-0.969049 0.281232 
-0.198707 0.273639 
-0.875329 0.277950 
-0.351819 -0.087835 
-0.349562 0.240345 
-0.831881 -0.118324 
-0.464837 0.086109 
-0.970465 0.451928 
-0.613621 -0.234708 
-0.620238 -0.474687 
-0.714649 -0.495942 
-0.308278 -0.207142 
-0.246444 0.427807 
-0.224438 0.348330 
-0.010539 -0.298894 
-0.401951 -0.335513 
-0.041162 0.210566 
-0.312668 -0.424230 
-0.763661 -0.122680 
-0.698964 0.386335 
-0.236397 -0.206799 
-0.173316 -0.193706 
-0.965119 0.404020 
-0.309907 0.487418 
-0.230002 -0.210524 
-0.005377 -0.142726 
-0.988578 -0.412663 
-0.172906 0.112865 
-0.087729 0.154397 
-0.730343 0.006372 
-0.609671 0.023552 
-0.723915 -0.188610 
-0.565572 0.479984 
-0.669325 -0.026650 
-0.710960 0.014996 
-0.166609 -0.202619 
-0.864523 0.398475 
-0.929162 0.485868 
-0.641183 0.015235 
-0.935644 0.281341 
-0.836505 -0.188312 
-0.841265 -0.226989 
-0.697557 -0.427689 
-0.447021 -0.037555 
-0.860231 0.165323 
-0.296945 -0.169695 
-0.699877 -0.261225 
-0.729314 0.276952 
-0.105725 0.486916 
-0.322969 -0.200032 
-0.125154 0.417267 
-0.029504 0.496224 
-0.406272 0.406232 
-0.741112 0.310140 
-0.771560 -0.389603 
-0.987171 0.268113 
-0.456540 -0.123181 
-0.255437 0.116854 
-0.420414 0.043666 
-0.470801 -0.304550 
-0.555619 -0.182512 
-0.811054 -0.107514 
-0.464963 0.130190 
-0.669949 -0.454606 
-0.613738 0.392464 
-0.568125 -0.495557 
-0.974720 -0.254032 
-0.537008 -0.316604 
-0.641399 0.148963 
-0.334844 -0.372168 
-0.164084 -0.215553 
-0.172344 0.325512 
-0.439683 -0.269069 
-0.803158 0.035867 
-0.734021 -0.040865 
-0.246536 0.202839 
-0.710482 0.387716 
-0.430965 0.411758 
-0.055534 -0.176989 
-0.053479 0.231799 
-0.305402 -0.003597 
-0.314552 0.025834 
-0.663678 0.473479 
-0.288089 -0.215964 
-0.832080 -0.183421 
-0.895020 0.121654 
-0.030881 -0.088379 
-0.142376 0.149674 
-0.336686 -0.303739 
-0.842431 0.354849 
-0.088301 -0.475501 
-0.813624 0.287684 
-0.281335 -0.052245 
-0.961457 0.128445 
-0.463991 -0.340750 
-0.018424 0.457108 
-0.535178 -0.387822 
-0.462246 0.168430 
-0.906599 -0.242271 
-0.606325 -0.177105 
-0.597915 0.331411 
-0.440285 0.183300 
-0.863375 0.020453 
-0.866843 -0.369905 
-0.774471 -0.453786 
-0.908993 -0.048668 
-0.681220 0.068583 
-0.623572 0.040163 
-0.519609 0.239273 
-0.228794 -0.320642 
-0.399531 -0.427288 
-0.709162 0.223121 
-0.671200 -0.058092 
-0.276433 -0.023242 
-0.603598 0.317195 
-0.914905 -0.200668 
-0.790922 0.223215 
-0.198271 0.288445 
-0.307289 -0.331225 
-0.008678 0.224631 
-0.331134 0.380371 
-0.091312 0.130584 
-0.333793 -0.081737 
-0.914997 0.212565 
-0.846663 -0.451140 
-0.455723 -0.027208 
-0.163151 0.464003 
-0.650931 -0.212502 
-0.970273 -0.048618 
-0.762577 0.110576 
-0.715338 0.305897 
-0.111623 0.062315 
-0.370545 -0.495832 
-0.980592 0.371753 
-0.037640 -0.181286 
-0.299172 0.334495 
-0.410939 0.499481 
-0.405595 0.000607 
-0.365080 0.273458 
-0.088626 -0.405711 
-0.728774 -0.416970 
-0.636476 -0.436474 
-0.522641 0.075524 
-0.124829 0.038759 
-0.452874 -0.254938 
-0.041374 0.219878 
-0.138028 0.188405 
-0.943887 -0.314578 
-0.278647 -0.456133 
-0.557848 0.201869 
-0.633744 -0.288306 
-0.912979 -0.320738 
-0.119327 0.280467 
-0.170781 -0.152864 
-0.467191 0.082136 
-0.082294 0.386842 
-0.552142 0.343217 
-0.911771 0.027823 
-0.587590 -0.133528 
-0.542813 -0.128719 
-0.778153 0.441081 
-0.723757 0.319893 
-0.578426 -0.385165 
-0.383711 -0.158159 
-0.314514 -0.055667 
-0.034622 -0.243575 
-0.454212 -0.256563 
-0.843109 -0.328134 
-0.137906 0.051424 
-0.383542 -0.491357 
-0.580280 -0.084688 
-0.745946 -0.421159 
-0.497888 0.000776 
-0.943808 0.338431 
-0.684383 -0.112157 
-0.822699 -0.439696 
-0.118930 0.046245 
-0.285890 0.166083 
-0.428835 0.295850 
-0.002721 0.179367 
-0.009854 0.415008 
-0.224483 -0.402965 
-0.511955 0.338962 
-0.275935 -0.206402 
-0.599458 -0.033382 
-0.093287 -0.248668 
-0.767550 -0.157954 
-0.216637 0.321012 
-0.417058 -0.228014 
-0.291272 0.239583 
-0.231204 -0.342572 
-0.763162 0.136925 
-0.036699 0.331032 
-0.444174 -0.370854 
-0.642105 -0.122341 
-0.347150 0.195408 
-0.503797 -0.352244 
-0.024983 0.244298 
-0.349176 -0.172417 
-0.966185 -0.030889 
-0.962938 -0.118513 
-0.777159 -0.355858 
-0.090248 0.304448 
-0.293531 0.301192 
-0.705615 -0.206953 
-0.784333 -0.378006 
-0.613031 0.034816 
-0.418737 -0.236900 
-0.356625 -0.295411 
-0.530243 0.070012 
-0.606634 -0.182981 
-0.312842 -0.388022 
-0.417894 0.191863 
-0.792659 -0.447202 
-0.912380 0.317912 
-0.611949 -0.058583 
-0.888471 0.227642 
-0.715034 -0.066254 
-0.482671 -0.007329 
-0.812901 0.119324 
-0.179448 -0.004920 
-0.899645 -0.102134 
-0.056640 0.096392 
-0.474818 0.106645 
-0.042543 0.089739 
-0.865967 -0.285152 
-0.021364 0.256234 
-0.520250 -0.249298 
-0.731118 0.329037 
-0.718032 0.086104 
-0.427366 -0.427141 
-0.229677 -0.353114 
-0.112355 -0.112137 
-0.364523 0.419554 
-0.627160 -0.280082 
-0.023129 -0.337536 
-0.949365 -0.020871 
-0.135346 0.375885 
-0.505604 0.010339 
-0.622660 -0.283764 
-0.071963 -0.202025 
-0.138448 0.030053 
-0.770789 -0.101846 
-0.689437 -0.092186 
-0.654865 -0.051594 
-0.200609 0.491768 
-0.274230 -0.115371 
-0.529176 -0.409751 
-0.322059 0.071107 
-0.735971 0.328706 
-0.829107 0.297438 
-0.959707 0.479775 
-0.296099 -0.108839 
-0.386060 -0.363781 
-0.495294 -0.088364 
-0.934375 0.396408 
-0.311065 0.404460 
-0.775025 0.097263 
-0.799944 -0.118824 
-0.015073 -0.270842 
-0.507952 0.421524 
-0.223877 -0.123674 
-0.862365 -0.050275 
-0.288616 0.219595 
-0.031225 0.187497 
-0.767459 -0.308919 
-0.891946 0.409527 
-0.820237 0.157531 
-0.545302 0.297062 
-0.317893 -0.094478 
-0.027876 -0.222940 
-0.237936 -0.417444 
-0.389702 -0.376968 
-0.318268 -0.011655 
-0.989416 -0.345755 
-0.541440 -0.414813 
-0.591618 0.477363 
-0.730313 0.180300 
-0.505462 -0.256053 
-0.729521 0.301373 
-0.454666 -0.276669 
-0.699801 -0.285712 
-0.992161 0.488526 
-0.339429 -0.305886 
-0.942549 0.057641 
-0.743437 0.431934 
-0.447313 0.300182 
-0.492174 -0.284068 
-0.576396 0.181200 
-0.800985 0.140404 
-0.030335 -0.148150 
-0.537428 -0.054037 
-0.064523 0.077319 
-0.996375 -0.446804 
-0.296508 0.397390 
-0.891780 0.295392 
-0.383367 0.116080 
-0.451545 0.158673 
-0.554282 -0.410175 
-0.164103 -0.124984 
-0.528337 0.203630 
-0.996768 -0.139923 
-0.314366 -0.233627 
-0.161780 -0.381349 
-0.653345 -0.304857 
-0.121217 -0.269223 
-0.299380 0.169030 
-0.871537 -0.243843 
-0.817752 0.290208 
-0.007506 -0.271496 
-0.982787 0.069449 
-0.008638 -0.270181 
-0.059485 -0.370616 
-0.993974 -0.287683 
-0.125886 0.266861 
-0.228190 -0.352162 
-0.013085 -0.189318 
-0.308447 -0.393942 
-0.281593 -0.072200 
-0.592306 -0.131316 
-0.791417 -0.455285 
-0.417238 0.052036 
-0.733777 0.236371 
-0.386876 -0.189949 
-0.349807 0.167270 
-0.833134 0.398697 
-0.840879 -0.176187 
-0.881699 -0.423819 
-0.051348 0.228057 
-0.726105 0.366033 
-0.252596 0.446116 
0.756853 0.173894 
0.773974 0.456595 
0.677020 -0.482182 
0.715233 0.138919 
0.401222 -0.013776 
0.390565 0.295738 
0.471596 -0.241170 
0.860728 -0.256519 
0.991760 0.204198 
0.655082 -0.357444 
0.814181 -0.396546 
0.177037 -0.094762 
0.543278 0.334298 
0.608550 0.293487 
0.435507 -0.019171 
0.657707 0.406724 
0.220307 -0.058386 
0.331762 -0.487582 
0.413110 0.292420 
0.064088 0.397504 
0.868112 0.349651 
0.534436 -0.106606 
0.463517 0.058854 
0.063615 0.038599 
0.039954 0.226758 
0.967479 -0.323958 
0.747732 -0.047508 
0.532416 -0.266698 
0.997301 0.401428 
0.593370 -0.453072 
0.996833 0.205853 
0.732135 -0.040650 
0.580114 0.041328 
0.926434 -0.403084 
0.777926 0.380160 
0.733604 -0.293020 
0.653722 0.055984 
0.713923 0.074941 
0.504960 0.447793 
0.532970 0.086786 
0.629369 0.462963 
0.429976 0.172658 
0.252180 -0.411888 
0.194833 -0.084142 
0.164271 -0.379234 
0.949130 -0.428622 
0.098645 -0.001682 
0.191085 -0.364873 
0.716763 -0.291559 
0.828586 0.086991 
0.776790 0.037669 
0.193804 -0.080680 
0.414771 -0.129363 
0.688938 0.240160 
0.369788 0.271385 
0.810133 -0.150041 
0.732452 0.218745 
0.151272 0.309702 
0.857899 -0.451123 
0.315309 0.010471 
0.286796 0.304670 
0.154764 0.251486 
0.425327 0.249862 
0.043937 -0.455936 
0.222639 0.227366 
0.959754 -0.452670 
0.017590 0.295601 
0.740470 0.211787 
0.683265 -0.343443 
0.797126 0.139018 
0.561249 0.307279 
0.805985 0.419670 
0.847302 -0.442353 
0.024594 -0.182380 
0.862611 0.236192 
0.096789 0.010328 
0.357247 -0.057411 
0.931232 -0.384341 
0.597340 0.413752 
0.588428 -0.253320 
0.957925 0.079274 
0.097192 -0.025568 
0.653903 0.071114 
0.148084 -0.261014 
0.214592 0.460811 
0.437175 0.082605 
0.936120 0.003732 
0.838880 0.068987 
0.959409 -0.023584 
0.139095 -0.070846 
0.121928 -0.375128 
0.324807 -0.250600 
0.318209 -0.377649 
0.798477 -0.088680 
0.046137 -0.424148 
0.787322 -0.238727 
0.551418 0.011609 
0.360419 0.067079 
0.116489 0.213461 
0.823354 0.424718 
0.886882 -0.244240 
0.017288 0.207565 
0.073865 0.254127 
0.912095 -0.334358 
0.786973 -0.450181 
0.361229 0.065506 
0.744385 -0.196759 
0.000619 -0.310431 
0.533521 -0.481556 
0.364276 -0.327456 
0.712659 -0.336339 
0.058083 -0.112282 
0.235934 -0.345336 
0.467115 -0.347484 
0.686245 0.278861 
0.954153 0.181798 
0.290682 -0.383149 
0.615977 0.486534 
0.720153 0.325772 
0.059981 0.107382 
0.624955 0.322188 
0.581005 -0.229432 
0.747853 0.137005 
0.590475 0.028300 
0.517668 0.251477 
0.256246 0.380071 
0.271003 -0.007439 
0.325936 -0.178789 
0.054361 0.476123 
0.393339 -0.462141 
0.294245 -0.178971 
0.935925 -0.468512 
0.477709 0.173443 
0.012116 0.442706 
0.965927 -0.339917 
0.441050 0.327009 
0.378440 0.371616 
0.022450 -0.209683 
0.457923 -0.459115 
0.781397 -0.127773 
0.164187 0.003725 
0.796426 0.161563 
0.816565 -0.221408 
0.984314 -0.439542 
0.209483 -0.455282 
0.861890 -0.032259 
0.445288 0.403587 
0.566188 -0.141096 
0.109236 0.234538 
0.335137 -0.097449 
0.091382 -0.049988 
0.028881 -0.370881 
0.776209 -0.195421 
0.336052 -0.305942 
0.236281 -0.089073 
0.180865 -0.173049 
0.204037 -0.315776 
0.317403 -0.447060 
0.486224 0.494615 
0.623440 0.292420 
0.390166 0.173053 
0.731148 0.341131 
0.739479 0.287990 
0.557573 0.285661 
0.859016 -0.495810 
0.708496 -0.031098 
0.140740 0.187620 
0.248095 -0.393495 
0.908871 -0.253028 
0.024868 0.213179 
0.896758 -0.136104 
0.345603 0.206927 
0.888674 0.217313 
0.781505 -0.116712 
0.609243 -0.386141 
0.382507 0.194846 
0.290222 0.037947 
0.055546 -0.340791 
0.244083 -0.171757 
0.161138 0.338614 
0.573804 -0.273043 
0.754367 0.130295 
0.378854 -0.428986 
0.549751 -0.138257 
0.955383 -0.112244 
0.961499 0.444829 
0.671379 0.440751 
0.648262 0.186132 
0.831691 -0.449179 
0.389307 -0.052932 
0.930523 -0.233021 
0.013749 0.370045 
0.034918 0.130329 
0.777576 -0.207926 
0.773748 -0.182197 
0.109171 0.115792 
0.904702 0.159281 
0.737203 0.055999 
0.188965 0.156166 
0.828148 -0.367875 
0.216930 0.496130 
0.756742 -0.461234 
0.872035 0.018025 
0.689008 -0.209041 
0.097558 -0.169173 
0.416677 -0.258619 
0.520311 -0.065177 
0.285130 0.461358 
0.422367 -0.206316 
0.012043 -0.263116 
0.901329 -0.146465 
0.489102 -0.156022 
0.939755 0.378308 
0.688694 0.035229 
0.711195 0.138480 
0.278047 0.235469 
0.018116 -0.180755 
0.503442 -0.138198 
0.847437 0.498080 
0.258772 0.238158 
0.574824 -0.395095 
0.146681 -0.033262 
0.574342 0.383012 
0.078797 -0.023733 
0.565696 -0.213973 
0.604207 -0.271291 
0.562533 0.266203 
0.196680 -0.057067 
0.655274 -0.325419 
0.057019 0.061617 
0.037853 0.048006 
0.302975 -0.338226 
0.631284 0.018850 
0.659900 -0.122251 
0.076097 -0.294031 
0.846543 0.493974 
0.323499 0.291970 
0.585523 -0.047166 
0.531976 0.353328 
0.618665 -0.483976 
0.004604 -0.262895 
0.704463 0.462358 
0.856455 0.127422 
0.184375 -0.070724 
0.772939 0.281371 
0.694938 0.295417 
0.321678 -0.065732 
0.304488 -0.241802 
0.951791 -0.249702 
0.622652 -0.121091 
0.103529 -0.101989 
0.220405 -0.155028 
0.216188 0.246519 
0.558945 -0.117434 
0.589792 -0.271409 
0.712752 -0.324864 
0.736928 0.296442 
0.890488 0.064578 
0.943268 -0.165069 
0.434450 -0.471151 
0.555864 -0.364044 
0.672313 -0.293527 
0.921866 0.035420 
0.190832 -0.008629 
0.221395 -0.036424 
0.189410 -0.049886 
0.318423 0.499291 
0.817570 0.160549 
0.083097 0.421050 
0.847777 -0.019862 
0.429475 0.143193 
0.898078 -0.163699 
0.374290 0.300858 
0.928967 0.036564 
0.046010 0.350016 
0.675922 -0.465130 
0.854436 0.219162 
0.733628 0.254205 
0.003160 0.299248 
0.282480 0.027817 
0.980041 -0.249361 
0.255738 -0.253919 
0.466798 0.084961 
0.554454 -0.241690 
0.496610 -0.190633 
0.076802 -0.008764 
0.955125 0.034744 
0.452030 0.420537 
0.943657 -0.482885 
0.889425 -0.296806 
0.273386 -0.242855 
0.483131 0.232157 
0.949448 0.369407 
0.928999 0.110141 
0.158780 -0.277712 
0.135789 0.256707 
0.218515 0.426944 
0.403891 -0.121376 
0.623383 -0.245253 
0.965978 -0.057568 
0.441711 0.372924 
0.025736 0.159275 
0.256421 0.249391 
0.486375 -0.251204 
0.468557 0.284621 
0.692803 -0.106979 
0.712765 0.495618 
0.650537 -0.008833 
0.773295 -0.282981 
0.999374 -0.219018 
0.898374 0.016050 
0.504808 -0.484618 
0.345230 0.205769 
0.663680 0.133572 
0.550423 -0.380885 
0.345848 0.109771 
0.223993 0.251572 
0.614523 -0.208463 
0.085131 -0.481254 
0.185174 -0.032235 
0.298275 0.233833 
0.683044 0.028377 
0.325617 0.129903 
0.463295 0.451402 
0.696849 -0.186109 
0.246403 -0.433855 
0.624115 -0.348545 
0.458843 0.101081 
0.952870 -0.038729 
0.610502 0.135488 
0.700434 0.445869 
0.275281 0.070827 
0.059299 0.229186 
0.708160 -0.381027 
0.132287 0.253218 
0.812808 0.020717 
0.910016 -0.298753 
0.333850 -0.345477 
0.373686 0.435737 
0.185699 -0.462664 
0.481105 0.384899 
0.579211 0.369669 
0.775335 0.397882 
0.547077 0.105936 
0.687815 0.117119 
0.635471 0.085641 
0.274872 0.384517 
0.606623 -0.175854 
0.793406 0.091491 
0.025903 -0.017754 
0.586159 -0.287989 
0.658692 0.253671 
0.893573 0.270845 
0.001984 0.432351 
0.423618 -0.452400 
0.831548 -0.417882 
0.225120 -0.027006 
0.463974 0.429130 
0.012157 0.457515 
0.451550 0.142388 
0.469876 0.218706 
0.536749 0.170695 
0.263774 0.094541 
0.381574 -0.129437 
0.024429 -0.338079 
0.286093 0.432191 
0.248919 -0.119709 
0.488428 0.043818 
0.501024 -0.222818 
0.360972 0.187367 
0.191677 -0.317443 
0.646524 0.238032 
0.529821 -0.100237 
0.046370 -0.387156 
0.595415 0.247755 
0.192717 -0.287608 
0.880722 0.188694 
0.563221 -0.486995 
0.215334 -0.211334 
0.561618 -0.455785 
0.889076 0.481340 
0.128766 0.186557 
0.548463 -0.100602 
0.864899 0.277079 
0.537654 0.000100 
0.869446 -0.025465 
0.226021 0.335377 
0.186543 0.441406 
0.833710 -0.278199 
0.160365 -0.321700 
0.443104 -0.075253 
0.358382 0.074846 
0.309505 -0.025743 
0.292615 0.091918 
0.661654 0.469116 
0.259090 0.160428 
0.653387 0.450453 
0.121795 -0.323727 
0.860757 0.237313 
0.731067 -0.208485 
0.483917 0.086235 
0.631531 0.087047 
0.931805 -0.262163 
0.168785 0.001050 
0.863803 0.470442 
0.815442 0.164590 
0.709448 -0.251167 
0.243913 -0.464472 
0.012732 -0.106562 
0.461596 0.134918 
0.621200 -0.005939 
0.232752 -0.298405 
0.525539 0.146478 
0.371890 0.099890 
0.922804 0.294234 
0.543699 -0.087297 
0.206012 0.318652 
0.820556 -0.370701 
0.189169 -0.091557 
0.135404 -0.048217 
0.402944 0.022336 
0.590894 0.382791 
0.462104 0.094587 
0.279020 -0.337354 
0.036359 -0.038921 
0.801065 -0.370380 
0.560462 0.452085 
0.694468 0.066897 
0.615228 -0.339194 
0.232546 0.402448 
0.599549 -0.145231 
0.938936 0.112411 
0.733237 -0.487728 
0.350478 0.387555 
0.483716 -0.064380 
0.037560 0.319434 
0.288504 0.388379 
0.675060 0.198743 
0.479878 -0.069714 
0.775871 -0.288214 
0.741411 0.140106 
0.474330 0.163011 
0.496290 -0.221370 
0.398814 0.427468 
0.732434 0.497165 
0.512420 0.288577 
0.436561 -0.197819 
0.699659 -0.479399 
0.672849 0.298941 
0.349461 -0.444814 
0.442657 0.291613 
0.905967 -0.160645 
0.939383 -0.496376 
0.054099 -0.205745 
0.130606 0.200158 
0.796784 -0.421355 
0.915063 -0.283984 
0.742435 -0.298131 
0.084429 -0.211414 
0.804863 0.101823 
0.051033 0.156919 
0.023822 -0.413503 
0.532245 -0.070128 
0.419152 0.279358 
0.103811 -0.435192 
0.811054 -0.079130 
0.987098 0.383793 
0.528317 0.024811 
0.872922 -0.171910 
0.068806 -0.449695 
0.643105 0.199669 
0.027219 0.269789 
0.017783 0.471062 
0.177278 -0.191012 
0.448460 -0.446167 
0.763647 0.281667 
0.376324 0.387108 
0.139776 -0.297766 
0.032278 0.453684 
0.578057 -0.351273 
0.980472 0.474506 
0.135496 0.212856 
0.903740 0.125002 
0.483831 -0.462475 
0.338979 0.000021 
0.932382 0.197352 
0.378913 0.118599 
0.951357 -0.333310 
0.407140 0.338030 
0.938726 -0.192950 
0.744674 -0.122408 
0.479334 -0.206053 
0.056592 0.262928 
